generation: 3773, bestcost: 8.10664e-05 
best solution is: 

ans =

   1.0e-03 *

   -0.1526    0.1526   -0.4578    0.1526
